-2.221120379157906E-003
 -8.863640741489619E-004
  2.162204620287864E-004
  1.956312446426741E-004
  2.064366442924700E-004
  4.875083255056487E-004
 -2.799638724077938E-004
 -2.504149620751795E-004
  1.499646965514570E-004
 -1.625852079165547E-004
 -4.897189439480787E-005
  1.001611431172481E-004
 -1.678046276481029E-005
  9.279959141069794E-006
 -2.964254434461959E-005
 -9.170112610671841E-007
  7.086269794713188E-006
  1.458401155467080E-005
 -6.227642640143093E-006
  2.652265596571484E-006
  2.860562275862727E-006
 -7.120649830075505E-007
 -3.244295070119276E-006
  3.321905391559953E-006
 -4.366400545205068E-007
  2.833600296269121E-006
  1.715332465985719E-006
  1.715007584337619E-006
  1.385458063087353E-006
  4.877617572908376E-006
 -3.169510379157907E-003
 -1.893444074148962E-003
  4.401404620287888E-004
  1.613124464267500E-005
 -1.284933557075298E-004
  1.651423255056485E-004
 -1.904068724077942E-004
 -2.328929620751797E-004
  8.813269655145702E-005
 -1.375722079165545E-004
 -1.621489439480785E-005
  4.505684311724802E-005
  2.092937235189719E-006
 -2.877114085893018E-005
 -1.531764434461959E-005
  1.206488738932803E-006
  5.700969794713179E-006
  3.119115546708210E-007
 -5.999732640143087E-006
 -1.479564403428511E-006
 -3.000677241372762E-007
 -2.114664983007550E-006
 -9.958450701192759E-007
 -9.193046084400468E-007
 -1.444430054520507E-006
 -8.327697037308799E-007
 -3.383275340142818E-007
  4.591555843376176E-007
  2.566908063087354E-006
 -2.114811427091623E-006
 -2.419270379157908E-003
 -2.081684074148962E-003
  5.703404620287858E-004
  4.104124464267625E-005
 -3.722643557075300E-004
  1.262832550564912E-005
 -1.498198724077934E-004
 -2.405379620751798E-004
  1.542406965514571E-004
 -8.173520791655451E-005
  5.166710560519216E-005
  6.205431172480111E-007
 -4.875562764810226E-006
 -3.447354085893021E-005
  9.074855655380400E-006
 -5.224711261067204E-006
 -4.214302052868012E-007
 -1.611588445329189E-006
 -2.127326401430964E-007
  5.862365596571489E-006
 -2.158747724137274E-006
  9.380750169924486E-007
  1.352454929880723E-006
 -1.315444608440046E-006
 -1.955632054520507E-006
  1.131410296269119E-006
 -1.814982534014281E-006
  1.066337584337618E-006
  1.476628063087353E-006
  1.833007572908378E-006
  1.806893104021280E-005
  9.326055753608692E-005
 -3.914692369764864E-005
 -1.527468051774851E-005
  2.894867642157147E-005
 -7.087898733293537E-006
  1.237705181117064E-005
  1.712867239278272E-005
 -3.628925787181792E-007
  5.145643390470491E-006
  2.403178221046635E-006
  5.037665344676807E-006
  4.495335283614257E-007
 -8.897756508939788E-007
  7.494203718503417E-008
  4.118330883271578E-007
  1.461165380995548E-006
  1.818721852196010E-006
 -2.516989881973910E-006
  5.433804535795474E-008
 -4.045406895978720E-005
 -4.226154246391302E-005
 -2.533812369764866E-005
 -3.356578051774852E-005
  1.421897642157150E-005
 -2.464179873329353E-005
  1.359185181117062E-005
  5.094872392782718E-006
 -1.864752578718170E-006
  4.199123390470494E-006
  3.361958221046635E-006
  2.727253446768051E-007
 -2.112886471638573E-006
  1.492224349106020E-006
  2.338592037185034E-006
  5.708930883271582E-007
  1.277725380995546E-006
 -1.594558147803992E-006
 -6.694998819739083E-007
 -1.612411954642048E-006
  5.145693104021288E-005
  2.652257536086980E-006
 -4.294602369764864E-005
 -5.028888051774856E-005
  8.970176421571488E-006
 -4.893198733293557E-006
  2.473205181117064E-005
  7.441772392782693E-006
  8.085807421281827E-006
  2.590533390470491E-006
 -2.335017789533651E-007
 -2.793646553231918E-007
 -1.230616471638572E-006
 -3.096915650893980E-006
 -2.571827962814964E-006
 -1.027576911672845E-006
  1.146625380995547E-006
  4.762718521960076E-007
  1.699301180260912E-007
 -7.117619546420446E-007
  1.004179310402128E-004
 -3.753824246391303E-005
 -6.003952369764863E-005
 -1.602818051774850E-005
  1.207947642157148E-005
 -4.584709873329352E-005
  3.005651811170619E-006
 -2.905827607217282E-006
 -4.936342578718168E-006
  7.623503390470494E-006
  3.295108221046634E-006
  1.047753446768062E-007
 -2.691536471638572E-006
 -2.338805650893980E-006
  3.374720371850359E-007
  7.719330883271579E-007
  1.129575380995547E-006
 -1.788438147803992E-006
  1.545250118026089E-006
  1.298988045357953E-006
  1.244719196790559E-004
  3.088162430253238E-005
 -1.445461684004790E-004
  2.916157096475658E-005
 -5.054548289222950E-005
  3.480655069095163E-005
  1.501052601641682E-006
  2.476982315821415E-005
  2.954469862141875E-005
 -2.400879282611007E-005
  5.702495507303382E-006
  1.259660908507824E-005
  1.936965796214138E-006
 -4.194684212059955E-006
  1.725881831653192E-006
  4.944021135270860E-007
  2.505937557683959E-006
  5.657304162758880E-006
  4.591539981677520E-006
  1.013202703815464E-005
  1.249069196790559E-004
 -1.036318756974676E-004
 -1.061665684004789E-004
 -5.747229035243419E-006
  3.982021710777054E-005
 -8.810349309048367E-006
  2.792805260164166E-005
  1.657122315821413E-005
 -4.177901378581270E-006
  1.395420717388994E-005
 -1.150449269662489E-008
  1.592219085078239E-006
 -3.526434203785861E-006
  7.167557879400425E-007
  4.615251831653183E-006
  4.568012113527088E-006
  7.167237557683954E-006
  3.283644162758876E-006
  5.966029981677531E-006
  4.525370381546303E-007
  8.520491967905597E-005
  1.784562430253225E-005
 -5.079376840047892E-005
 -6.836502903524342E-005
  3.311681710777047E-005
 -6.638214930904839E-005
  4.613365260164169E-005
  1.325023158214135E-006
  1.338959862141875E-005
  1.765180717388994E-005
  8.065295507303386E-006
  2.098009085078236E-006
  8.571757962141290E-007
  2.612895787940049E-006
  6.166431831653194E-006
  1.749132113527081E-006
  9.728477557683949E-006
  6.073164162758875E-006
  9.257979981677522E-006
  1.390861703815464E-005
